2.918726476 2.4333272797
2.918726476 1.2839551742
2.918726476 0.4073872305
2.918726476 0.7651517481
2.918726476 1.5892048976
2.918726476 4.0923557601
2.918726476 2.9368526354
2.918726476 2.252678189
2.918726476 0.9922441749
2.918726476 5.0987745963
2.918726476 2.500964873
2.918726476 0.7335367039
2.918726476 3.5110154872
2.918726476 1.4922755043
2.918726476 1.610233129
2.918726476 3.3914444705
2.918726476 2.583605826
2.918726476 1.2576122354
2.918726476 4.4191242929
2.918726476 2.2554923269
2.918726476 2.8189208268
2.918726476 2.0391518952
2.918726476 2.255488256
2.918726476 4.4113172962
2.918726476 2.0627946617
2.918726476 1.0050151463
2.918726476 2.6800372608
2.918726476 1.2446976288
2.918726476 2.1961332087
2.918726476 2.6961438258
2.918726476 2.3338819868
2.918726476 3.0281083485
2.918726476 1.7840611126
2.918726476 2.3369049965
2.918726476 2.3679872409
2.918726476 1.0020809297
2.918726476 1.7330810036
2.918726476 0.9369541078
2.918726476 1.8490856677
2.918726476 3.3438179906
2.918726476 2.2480636573
2.918726476 2.5364116716
2.918726476 1.7263872128
2.918726476 3.1565733714
2.918726476 1.9956048856
2.918726476 2.1863599702
2.918726476 1.91556657
2.918726476 2.9174584015
2.918726476 1.3021113215
2.918726476 2.5028134346
2.918726476 1.7386002098
2.918726476 3.8220905236
2.918726476 2.9225200702
2.918726476 3.2648531226
2.918726476 1.5569461185
2.918726476 2.1428622575
2.918726476 2.3428232658
2.918726476 1.8788436209
2.918726476 2.1589948371
2.918726476 1.9857776727
2.918726476 2.0705362682
2.918726476 2.4732097426
2.918726476 2.2046689705
2.918726476 2.4909665498
2.918726476 1.3071591304
2.918726476 0.9011014154
2.918726476 3.8962024805
2.918726476 1.7386002098
2.918726476 3.3949155867
2.918726476 0.6732105497
2.918726476 4.4145122478
2.918726476 2.6644628606
2.918726476 1.2670919235
2.918726476 1.8267411629
2.918726476 0.8704621206
2.918726476 1.5342531413
2.918726476 0.7805049909
2.918726476 2.5998290848
2.918726476 1.5161475259
2.918726476 0.4257560231
2.918726476 2.2535205196
2.918726476 -0.0197460639
2.918726476 1.8108940472
2.918726476 2.6664692836
2.918726476 2.0498685771
2.918726476 1.4934616736
2.918726476 2.7677071474
2.918726476 2.0237808697
2.918726476 2.3269567293
2.918726476 0.4665194514
2.918726476 2.6725379937
2.918726476 0.9497609845
2.918726476 1.4684722985
2.918726476 1.182097334
2.918726476 2.3315320506
2.918726476 2.6316995889
2.918726476 1.3272742817
2.918726476 1.4012516809
2.918726476 -0.0702642591
2.918726476 4.9382442238
4.375131417 4.1549574184
4.375131417 2.4275984657
4.375131417 0.5137863481
4.375131417 1.1635289438
4.375131417 2.0989992707
4.375131417 3.8962663904
4.375131417 5.5176398126
4.375131417 3.4469786961
4.375131417 0.6670421025
4.375131417 5.4016654935
4.375131417 1.6900564662
4.375131417 0.8437800122
4.375131417 4.026820345
4.375131417 3.4306463835
4.375131417 2.5158010725
4.375131417 4.0231647017
4.375131417 2.3811361983
4.375131417 3.0351114206
4.375131417 2.2855723483
4.375131417 3.8407411325
4.375131417 4.6423157742
4.375131417 2.8754612359
4.375131417 1.9649705556
4.375131417 4.8896131081
4.375131417 0.3723602457
4.375131417 1.7527999292
4.375131417 2.0308637164
4.375131417 1.6226903473
4.375131417 3.5124638899
4.375131417 3.4674266897
4.375131417 3.0705000462
4.375131417 3.9070447661
4.375131417 4.1999505698
4.375131417 3.2912823361
4.375131417 2.3906565424
4.375131417 1.6742890884
4.375131417 2.3039875588
4.375131417 2.5193701463
4.375131417 3.6554956899
4.375131417 3.5165793985
4.375131417 4.0414147704
4.375131417 2.9038177724
4.375131417 2.8338050394
4.375131417 3.0344116233
4.375131417 1.9987833442
4.375131417 1.6057357991
4.375131417 1.8612788581
4.375131417 2.7610863089
4.375131417 2.3720965142
4.375131417 2.507252071
4.375131417 1.850178679
4.375131417 3.3757458022
4.375131417 3.5630242541
4.375131417 3.7898811949
4.375131417 1.8028623941
4.375131417 1.920993824
4.375131417 2.6773478621
4.375131417 1.9721761788
4.375131417 2.8292914626
4.375131417 2.507252071
4.375131417 5.600346293
4.375131417 1.9501004558
4.375131417 1.9556419879
4.375131417 4.7646759708
4.375131417 1.8072105792
4.375131417 1.2780915642
4.375131417 4.8961195686
4.375131417 3.6759729217
4.375131417 4.5918054396
4.375131417 0.7091506174
4.375131417 4.3000230139
4.375131417 3.5616110344
4.375131417 1.1560518604
4.375131417 2.1843432178
4.375131417 0.9818172313
4.375131417 2.512172829
4.375131417 1.1644169029
4.375131417 2.1077343937
4.375131417 1.6245941333
4.375131417 0.0094816428
4.375131417 4.1064583909
4.375131417 0.5167882267
4.375131417 1.4228261415
4.375131417 2.6149007108
4.375131417 3.4696556927
4.375131417 2.0221599926
4.375131417 3.7651815285
4.375131417 2.769577931
4.375131417 2.5933133365
4.375131417 1.0261184544
4.375131417 2.5879953074
4.375131417 1.5043826987
4.375131417 2.1754546402
4.375131417 2.2305675207
4.375131417 2.7204624685
4.375131417 2.8820524488
4.375131417 2.1648364641
4.375131417 1.6573899098
4.375131417 0.0494479318
4.375131417 4.7070091407
6.065214397 2.1841888931
6.065214397 2.4537242955
6.065214397 0.5944839195
6.065214397 0.9778025004
6.065214397 2.95339313
6.065214397 3.7003708924
6.065214397 5.7909192667
6.065214397 2.4590566549
6.065214397 0.439595826
6.065214397 3.4126621871
6.065214397 3.6818787302
6.065214397 0.2999619483
6.065214397 4.2597893391
6.065214397 2.9154872872
6.065214397 1.4669348802
6.065214397 4.6851419987
6.065214397 3.1549218315
6.065214397 5.3562793527
6.065214397 2.8173552486
6.065214397 5.6655367615
6.065214397 5.1217427495
6.065214397 1.0094703658
6.065214397 4.8212796455
6.065214397 4.5592637503
6.065214397 2.3547793475
6.065214397 2.1798158038
6.065214397 2.6779000908
6.065214397 1.4358387141
6.065214397 3.3257521792
6.065214397 1.4767964761
6.065214397 3.3937261917
6.065214397 3.9573161014
6.065214397 5.7251259127
6.065214397 2.9248308178
6.065214397 2.8130715717
6.065214397 1.9523043046
6.065214397 1.2176738912
6.065214397 2.2001126305
6.065214397 3.7504643086
6.065214397 3.1360101824
6.065214397 4.1400905479
6.065214397 3.0001450051
6.065214397 2.431697813
6.065214397 6.4110656783
6.065214397 3.0079133967
6.065214397 2.420520701
6.065214397 4.2579566558
6.065214397 2.9959648166
6.065214397 4.6379003741
6.065214397 3.2516549032
6.065214397 1.2109294828
6.065214397 4.6851419987
6.065214397 3.8878234229
6.065214397 9.9327626673
6.065214397 0.8326174383
6.065214397 1.533244829
6.065214397 2.1067886615
6.065214397 1.639836192
6.065214397 2.5309744125
6.065214397 2.4609327791
6.065214397 4.2013877315
6.065214397 2.308914823
6.065214397 1.9852757883
6.065214397 3.1763332094
6.065214397 2.4656010376
6.065214397 1.0716587056
6.065214397 4.5311338411
6.065214397 3.7391293216
6.065214397 5.629441745
6.065214397 0.4919720324
6.065214397 5.7591953388
6.065214397 6.7942301126
6.065214397 1.0879321009
6.065214397 2.685869946
6.065214397 0.7096254934
6.065214397 2.3466064881
6.065214397 2.3969613665
6.065214397 2.6167202286
6.065214397 1.6283860465
6.065214397 1.3180801313
6.065214397 4.2551392396
6.065214397 1.1920339243
6.065214397 4.2585900042
6.065214397 2.9297545408
6.065214397 2.3590843923
6.065214397 1.0478152307
6.065214397 3.9521101108
6.065214397 1.6305939469
6.065214397 4.25886659
6.065214397 0.9079089828
6.065214397 3.751081628
6.065214397 1.2606787041
6.065214397 2.1522338046
6.065214397 1.6823913661
6.065214397 2.6147651743
6.065214397 2.2757195277
6.065214397 2.3794665
6.065214397 2.398494465
6.065214397 0.2463642002
6.065214397 4.3435524101
11.00676893 1.5041704946
11.00676893 1.7961760624
11.00676893 0.3041282218
11.00676893 0.6572706797
11.00676893 1.3229702159
11.00676893 3.2208261486
11.00676893 3.6459738528
11.00676893 2.580332797
11.00676893 0.107841386
11.00676893 1.5813954392
11.00676893 1.9313451852
11.00676893 0.170593156
11.00676893 3.26072382
11.00676893 3.1705006819
11.00676893 0.7587240512
11.00676893 2.2391807353
11.00676893 2.2050609383
11.00676893 2.1722795814
11.00676893 1.6491838782
11.00676893 7.4172004184
11.00676893 4.7950658615
11.00676893 0.2954196113
11.00676893 1.189674687
11.00676893 2.9952291997
11.00676893 2.138951894
11.00676893 2.7935078328
11.00676893 2.5552672401
11.00676893 0.6121979151
11.00676893 1.6862737034
11.00676893 0.8165863146
11.00676893 3.8287109308
11.00676893 1.6790498439
11.00676893 1.8218068934
11.00676893 2.1091258846
11.00676893 1.9348769211
11.00676893 0.8293587159
11.00676893 0.9074454099
11.00676893 1.9308341212
11.00676893 2.6805661057
11.00676893 1.7797863197
11.00676893 2.6487011191
11.00676893 1.8259241295
11.00676893 1.6226116386
11.00676893 2.1903112045
11.00676893 2.5590485288
11.00676893 0.5427069499
11.00676893 1.5439553244
11.00676893 1.1651911595
11.00676893 3.3001574199
11.00676893 3.2837760913
11.00676893 2.178407036
11.00676893 2.0525106408
11.00676893 2.0410916142
11.00676893 4.7943019782
11.00676893 0.9940134396
11.00676893 0.2431768897
11.00676893 1.0931252799
11.00676893 1.2750872673
11.00676893 1.6726546288
11.00676893 1.5928548403
11.00676893 1.8483460127
11.00676893 1.0119433371
11.00676893 1.8399462389
11.00676893 2.6001698966
11.00676893 1.9212115391
11.00676893 0.7703151578
11.00676893 4.0174482228
11.00676893 2.3716365314
11.00676893 2.529910239
11.00676893 0.3253891002
11.00676893 2.7785363402
11.00676893 3.6179586464
11.00676893 1.2093372071
11.00676893 2.3832856935
11.00676893 0.4875397677
11.00676893 1.9310981339
11.00676893 1.3608073399
11.00676893 1.5092653546
11.00676893 1.0426306512
11.00676893 2.0342307527
11.00676893 2.8399891503
11.00676893 1.1193805898
11.00676893 3.9320579799
11.00676893 1.7463781099
11.00676893 1.7260175344
11.00676893 2.1578738075
11.00676893 2.2670962748
11.00676893 0.7921882171
11.00676893 3.5977218247
11.00676893 0.9487617524
11.00676893 1.7411529584
11.00676893 0.9134602004
11.00676893 2.3430958001
11.00676893 2.5528391304
11.00676893 1.7069856484
11.00676893 1.30708355
11.00676893 2.0030336586
11.00676893 1.0549637322
11.00676893 0.0805776759
11.00676893 1.6237423953
14.5752502 0.5998085262
14.5752502 0.3252139431
14.5752502 0.0191914506
14.5752502 0.1863030149
14.5752502 0.7731365324
14.5752502 1.2314676714
14.5752502 1.0028703224
14.5752502 0.2542168295
14.5752502 -0.0556117826
14.5752502 0.4433071287
14.5752502 1.6082196478
14.5752502 -0.0009873654
14.5752502 1.0789697444
14.5752502 1.2037076293
14.5752502 0.2935046667
14.5752502 2.3677154461
14.5752502 1.2256055507
14.5752502 1.8746555706
14.5752502 0.8847278937
14.5752502 4.0739800854
14.5752502 0.9140517351
14.5752502 0.030032509
14.5752502 0.7012116151
14.5752502 0.8173269906
14.5752502 1.0517242793
14.5752502 1.273049436
14.5752502 0.3357505392
14.5752502 0.2603490138
14.5752502 0.3673605485
14.5752502 0.457531582
14.5752502 1.2835830236
14.5752502 0.2666967141
14.5752502 0.9779138645
14.5752502 0.698694084
14.5752502 0.893469882
14.5752502 0.2362075842
14.5752502 0.0885149635
14.5752502 1.2906367817
14.5752502 1.0577200599
14.5752502 0.6103955213
14.5752502 1.416920443
14.5752502 0.7700131182
14.5752502 0.5120798556
14.5752502 0.7529849895
14.5752502 0.9662537518
14.5752502 0.0875298501
14.5752502 0.5372775775
14.5752502 0.9351638832
14.5752502 0.9948020826
14.5752502 0.9094344138
14.5752502 0.6093892492
14.5752502 1.0485833949
14.5752502 0.7529840248
14.5752502 1.7187861142
14.5752502 0.3664656781
14.5752502 0.1710957963
14.5752502 0.4085078497
14.5752502 0.5548834015
14.5752502 0.5464714699
14.5752502 0.3812611041
14.5752502 0.7502368824
14.5752502 0.445903915
14.5752502 0.8210721965
14.5752502 2.0203503881
14.5752502 0.5138343346
14.5752502 0.2923595892
14.5752502 2.0897700955
14.5752502 1.6686625865
14.5752502 1.2097880611
14.5752502 0.2989078053
14.5752502 1.747761827
14.5752502 1.7991055527
14.5752502 0.5631791917
14.5752502 0.8916526661
14.5752502 0.0503266676
14.5752502 1.0274001728
14.5752502 0.6654991524
14.5752502 0.5630911202
14.5752502 0.3985355458
14.5752502 1.1414040694
14.5752502 1.713397087
14.5752502 0.610018226
14.5752502 1.4797793073
14.5752502 0.9511526462
14.5752502 0.6700000349
14.5752502 1.1208994787
14.5752502 0.857778398
14.5752502 0.3491112154
14.5752502 1.0670677526
14.5752502 0.3718401554
14.5752502 1.1214819919
14.5752502 0.3429641695
14.5752502 0.8941106498
14.5752502 1.0795263108
14.5752502 0.5757363546
14.5752502 0.4286248003
14.5752502 0.7400592029
14.5752502 0.4187224859
14.5752502 0.0777501325
14.5752502 0.4320945495
18.76168341 0.5066004465
18.76168341 0.1299205197
18.76168341 -0.052715787
18.76168341 0.1666449736
18.76168341 0.4415859923
18.76168341 0.807464558
18.76168341 0.0917519851
18.76168341 0.4083752477
18.76168341 -0.3372538421
18.76168341 0.3090200248
18.76168341 0.6517805887
18.76168341 -0.0657194326
18.76168341 0.8657942624
18.76168341 0.3339154141
18.76168341 0.055707402
18.76168341 0.8698189571
18.76168341 0.2007260975
18.76168341 1.2058785023
18.76168341 0.0177534679
18.76168341 1.9570424297
18.76168341 0.4571261755
18.76168341 0.1501763904
18.76168341 0.6753724285
18.76168341 0.5929510163
18.76168341 0.0049198435
18.76168341 1.0111420656
18.76168341 0.3431335893
18.76168341 0.1937734866
18.76168341 0.618644115
18.76168341 0.4938467039
18.76168341 0.9689030665
18.76168341 0.2618074373
18.76168341 0.5424199481
18.76168341 0.1959587913
18.76168341 0.573413904
18.76168341 -0.0952494417
18.76168341 -0.1577713914
18.76168341 0.6364499222
18.76168341 0.7383492086
18.76168341 0.4786289268
18.76168341 0.8851897761
18.76168341 0.0897469436
18.76168341 0.6448485957
18.76168341 0.2115049154
18.76168341 1.0346480139
18.76168341 0.1154213077
18.76168341 0.1970301328
18.76168341 0.3549373769
18.76168341 0.4529642222
18.76168341 0.8703573743
18.76168341 -0.4217213673
18.76168341 0.4817562065
18.76168341 0.6360385214
18.76168341 0.6581446516
18.76168341 -0.1218984895
18.76168341 -0.0104612166
18.76168341 0.331264254
18.76168341 0.0513856441
18.76168341 0.5841155194
18.76168341 -0.0671443211
18.76168341 0.1171377698
18.76168341 0.257381749
18.76168341 0.3120605921
18.76168341 0.920339361
18.76168341 0.0351634926
18.76168341 0.356883548
18.76168341 1.0057001092
18.76168341 0.5267379988
18.76168341 0.8657963619
18.76168341 -0.0062390126
18.76168341 1.1673718827
18.76168341 0.7102266413
18.76168341 0.4792829699
18.76168341 0.4894202725
18.76168341 0.2672104566
18.76168341 0.7061592296
18.76168341 0.6598964302
18.76168341 0.5043311289
18.76168341 0.0039278537
18.76168341 0.3370089142
18.76168341 0.5739667018
18.76168341 0.4314472752
18.76168341 1.1561578661
18.76168341 0.5321750805
18.76168341 0.1454478816
18.76168341 0.3073733552
18.76168341 0.3486451498
18.76168341 -0.0774868784
18.76168341 0.178518407
18.76168341 -0.0398002252
18.76168341 0.4848252201
18.76168341 -0.0084507127
18.76168341 0.5045051027
18.76168341 0.2618294765
18.76168341 0.5208713088
18.76168341 -0.0031404668
18.76168341 0.1736301438
18.76168341 0.3584843525
18.76168341 -0.1192363055
18.76168341 0.0679362334
21.75401898 0.4080935311
21.75401898 0.5096358832
21.75401898 -0.0285820157
21.75401898 0.0367409823
21.75401898 0.140684924
21.75401898 0.0086102134
21.75401898 0.650844417
21.75401898 0.2125359999
21.75401898 -0.3177072591
21.75401898 0.2546165391
21.75401898 0.8137054726
21.75401898 -0.073872173
21.75401898 0.511309186
21.75401898 0.5518110427
21.75401898 0.2335085512
21.75401898 1.441320422
21.75401898 0.3838300535
21.75401898 1.6238388505
21.75401898 0.2428049023
21.75401898 0.9417129124
21.75401898 0.4919782476
21.75401898 0.2009825085
21.75401898 0.4420734949
21.75401898 0.1386855202
21.75401898 0.4308180583
21.75401898 0.3375384587
21.75401898 0.3852531382
21.75401898 0.267889469
21.75401898 0.3384127664
21.75401898 -0.0629256232
21.75401898 0.4463164863
21.75401898 0.1233952699
21.75401898 0.2531238406
21.75401898 0.5812025832
21.75401898 0.3270512573
21.75401898 -0.0833659422
21.75401898 0.086723693
21.75401898 0.4202587239
21.75401898 0.3216395507
21.75401898 0.2193073975
21.75401898 0.3843989047
21.75401898 0.6786842573
21.75401898 0.2125348295
21.75401898 0.2760137104
21.75401898 0.5341915167
21.75401898 0.0700262254
21.75401898 0.4074485799
21.75401898 0.2949725116
21.75401898 0.541029652
21.75401898 0.7982707829
21.75401898 0.4542784488
21.75401898 0.894720341
21.75401898 0.6365044766
21.75401898 0.8969984482
21.75401898 -0.0067746984
21.75401898 0.2391832459
21.75401898 0.0578009116
21.75401898 0.3983456739
21.75401898 0.3108192774
21.75401898 0.1543220263
21.75401898 0.1296095792
21.75401898 0.2822837475
21.75401898 0.2586475835
21.75401898 0.7100676054
21.75401898 0.2776166437
21.75401898 0.0246633905
21.75401898 0.1993950041
21.75401898 0.3702621296
21.75401898 0.4532242783
21.75401898 -0.0310764442
21.75401898 0.8900803075
21.75401898 0.6125581671
21.75401898 -0.1048776141
21.75401898 0.4700339781
21.75401898 0.1579507123
21.75401898 0.7490475115
21.75401898 0.3831170454
21.75401898 0.3843994657
21.75401898 0.3063257706
21.75401898 0.4387074818
21.75401898 0.4821179188
21.75401898 0.7662509998
21.75401898 0.3575138177
21.75401898 0.458727845
21.75401898 0.1869212574
21.75401898 0.1895004193
21.75401898 0.522248751
21.75401898 -0.0288310156
21.75401898 0.2222156919
21.75401898 0.1625234941
21.75401898 0.5365472284
21.75401898 0.1411871806
21.75401898 0.318245387
21.75401898 0.212038237
21.75401898 0.1220493982
21.75401898 0.2719865862
21.75401898 0.0799121002
21.75401898 0.1636788924
21.75401898 -0.0033189388
21.75401898 -0.0690987686
23.6973478 0.1620419434
23.6973478 0.5514480981
23.6973478 -0.1509760526
23.6973478 -0.0447792897
23.6973478 0.1249661679
23.6973478 0.6203488268
23.6973478 0.4043746556
23.6973478 0.3131824252
23.6973478 -0.2174889105
23.6973478 0.4331940112
23.6973478 0.4769232382
23.6973478 -0.2101770434
23.6973478 0.4603082705
23.6973478 0.4438439418
23.6973478 -0.0838413588
23.6973478 1.1282855696
23.6973478 0.7071764084
23.6973478 0.9158853058
23.6973478 0.3726556785
23.6973478 1.2391488872
23.6973478 0.4323116438
23.6973478 -0.1022879631
23.6973478 0.1419516325
23.6973478 0.4622068606
23.6973478 -0.026180628
23.6973478 0.8114597338
23.6973478 0.3966584043
23.6973478 -0.1399237579
23.6973478 0.3271697643
23.6973478 0.1681661397
23.6973478 0.7463863288
23.6973478 0.2136129808
23.6973478 0.4233233935
23.6973478 -0.0103638786
23.6973478 0.4784358226
23.6973478 0.2976781552
23.6973478 0.026718194
23.6973478 0.2979471294
23.6973478 0.403386968
23.6973478 0.2027894126
23.6973478 0.2929464344
23.6973478 -0.0303058632
23.6973478 0.095751477
23.6973478 -0.1346654734
23.6973478 -0.12401769
23.6973478 -0.0202044396
23.6973478 0.3519424058
23.6973478 0.4644502386
23.6973478 0.7123405161
23.6973478 0.647696051
23.6973478 0.1510304013
23.6973478 0.3254179957
23.6973478 0.3402993456
23.6973478 0.4223683899
23.6973478 0.1101114168
23.6973478 0.2378301918
23.6973478 0.3470574804
23.6973478 0.270225708
23.6973478 0.0557460932
23.6973478 -0.1261913711
23.6973478 0.01934749
23.6973478 0.2218473626
23.6973478 0.0155288937
23.6973478 0.1826192476
23.6973478 0.1720567424
23.6973478 0.3131152775
23.6973478 0.4407412599
23.6973478 0.7291771745
23.6973478 0.3553844108
23.6973478 0.032798522
23.6973478 1.1894231596
23.6973478 0.3713345964
23.6973478 0.0896698922
23.6973478 0.0751643753
23.6973478 0.0954607738
23.6973478 0.768709575
23.6973478 0.4280438901
23.6973478 0.6713644313
23.6973478 -0.1825135298
23.6973478 0.5333264781
23.6973478 0.0773483311
23.6973478 0.4882402379
23.6973478 0.7371344156
23.6973478 0.1884706296
23.6973478 0.0506368848
23.6973478 0.2404381683
23.6973478 0.0685721117
23.6973478 -0.0160047573
23.6973478 0.3642199476
23.6973478 -0.1390716236
23.6973478 0.5761443289
23.6973478 0.218392293
23.6973478 0.0032846057
23.6973478 0.2438302682
23.6973478 0.0692893806
23.6973478 0.3063737622
23.6973478 0.2997243189
23.6973478 0.2732547954
23.6973478 0.0101069129
23.6973478 -0.0077847211
