chr start end maxstart maxend max
chr1 36257900 36257900 36257900 36257900 100
chr1 77553500 77553500 77553500 77553500 100
chr1 90363763 90363763 90363763 90363763 100
chr1 92780150 92780150 92780150 92780150 100
chr1 189063938 189063938 189063938 189063938 100
chr2 9150288 9150288 9150288 9150288 100
chr2 32020913 32020913 32020913 32020913 100
chr2 55154100 55154100 55154100 55154100 100
chr2 59382600 59382600 59382600 59382600 100
chr2 69733888 69733888 69733888 69733888 100
chr2 76322863 76322863 76322863 76322863 100
chr2 82833788 82833788 82833788 82833788 100
chr2 93768338 93768338 93768338 93768338 100
chr2 131948663 131948663 131948663 131948663 100
chr2 132246088 132246088 132246088 132246088 100
chr2 141578626 141578626 141578626 141578626 100
chr2 146665838 146665838 146665838 146665838 100
chr2 168146438 168146438 168146438 168146438 100
chr3 39423750 39423750 39423750 39423750 100
chr3 59021663 59021663 59021663 59021663 100
chr3 64585076 64585076 64585076 64585076 100
chr3 96240113 96240113 96240113 96240113 100
chr3 110164113 110164113 110164113 110164113 100
chr3 119051426 119051426 119051426 119051426 100
chr3 121086176 121086176 121086176 121086176 100
chr3 141462863 141462863 141462863 141462863 100
chr3 144265076 144265076 144265076 144265076 100
chr3 148883188 148883188 148883188 148883188 100
chr3 159560163 159560163 159560163 159560163 100
chr4 21538013 21538013 21538013 21538013 100
chr4 59778526 59778526 59778526 59778526 100
chr4 75068526 75068526 75068526 75068526 100
chr4 109982950 109982950 109982950 109982950 100
chr4 131815026 131815026 131815026 131815026 100
chr4 133690200 133690200 133690200 133690200 100
chr4 136658750 136658750 136658750 136658750 100
chr5 38219988 38219988 38219988 38219988 100
chr5 53524813 53524813 53524813 53524813 100
chr5 60059863 60059863 60059863 60059863 100
chr5 67510900 67510900 67510900 67510900 100
chr5 83912776 83912776 83912776 83912776 100
chr5 84741226 84741226 84741226 84741226 100
chr5 115711313 115711313 115711313 115711313 100
chr5 115795076 115795076 115795076 115795076 100
chr5 124876726 124876726 124876726 124876726 100
chr5 141993613 141993613 141993613 141993613 100
chr6 25758950 25758950 25758950 25758950 100
chr6 31515063 31515063 31515063 31515063 100
chr6 66715838 66715838 66715838 66715838 100
chr6 67365076 67365076 67365076 67365076 100
chr6 83906226 83906226 83906226 83906226 100
chr6 125443626 125443626 125443626 125443626 100
chr6 135666438 135666438 135666438 135666438 100
chr7 63963350 63963350 63963350 63963350 100
chr7 79137538 79137538 79137538 79137538 100
chr7 117059200 117059200 117059200 117059200 100
chr7 122047900 122047900 122047900 122047900 100
chr8 11166526 11166526 11166526 11166526 100
chr8 15878688 15878688 15878688 15878688 100
chr8 26653938 26653938 26653938 26653938 100
chr8 43051788 43051788 43051788 43051788 100
chr8 49646913 49646913 49646913 49646913 100
chr8 72806663 72806663 72806663 72806663 100
chr8 96714938 96714938 96714938 96714938 100
chr8 113016950 113016950 113016950 113016950 100
chr9 37566313 37566313 37566313 37566313 100
chr9 49327876 49327876 49327876 49327876 100
chr9 50609513 50609513 50609513 50609513 100
chr9 70356863 70356863 70356863 70356863 100
chr10 28936238 28936238 28936238 28936238 100
chr10 33534188 33534188 33534188 33534188 100
chr10 47124950 47124950 47124950 47124950 100
chr10 89443188 89443188 89443188 89443188 100
chr10 106952163 106952163 106952163 106952163 100
chr10 113403200 113403200 113403200 113403200 100
chr10 115649250 115649250 115649250 115649250 100
chr11 33429300 33429300 33429300 33429300 100
chr11 51411650 51411650 51411650 51411650 100
chr11 65740688 65740688 65740688 65740688 100
chr11 85852488 85852488 85852488 85852488 100
chr11 90877276 90877276 90877276 90877276 100
chr11 98048988 98048988 98048988 98048988 100
chr11 101599226 101599226 101599226 101599226 100
chr11 120270563 120270563 120270563 120270563 100
chr11 120317426 120317426 120317426 120317426 100
chr12 21511713 21511713 21511713 21511713 100
chr12 54253613 54253613 54253613 54253613 100
chr12 57856838 57856838 57856838 57856838 100
chr12 112749050 112749050 112749050 112749050 100
chr13 25111688 25111688 25111688 25111688 100
chr13 31363638 31363638 31363638 31363638 100
chr13 34057000 34057000 34057000 34057000 100
chr13 44828438 44828438 44828438 44828438 100
chr13 67845738 67845738 67845738 67845738 100
chr14 12102638 12102638 12102638 12102638 100
chr14 18406438 18406438 18406438 18406438 100
chr14 22317650 22317650 22317650 22317650 100
chr14 49272488 49272488 49272488 49272488 100
chr14 67678776 67678776 67678776 67678776 100
chr14 87029113 87029113 87029113 87029113 100
chr14 100713763 100713763 100713763 100713763 100
chr14 119972426 119972426 119972426 119972426 100
chr14 122247113 122247113 122247113 122247113 100
chr15 3190150 3190150 3190150 3190150 100
chr15 10772213 10772213 10772213 10772213 100
chr15 32860288 32860288 32860288 32860288 100
chr15 58835700 58835700 58835700 58835700 100
chr15 63762688 63762688 63762688 63762688 100
chr15 81353138 81353138 81353138 81353138 100
chr16 15617950 15617950 15617950 15617950 100
chr16 20535426 20535426 20535426 20535426 100
chr16 37250588 37250588 37250588 37250588 100
chr16 42064700 42064700 42064700 42064700 100
chr16 44082976 44082976 44082976 44082976 100
chr16 59471450 59471450 59471450 59471450 100
chr16 74338213 74338213 74338213 74338213 100
chr17 35362563 35362563 35362563 35362563 100
chr17 66835226 66835226 66835226 66835226 100
chr17 86375226 86375226 86375226 86375226 100
chr18 25501726 25501726 25501726 25501726 100
chr18 37644550 37644550 37644550 37644550 100
chr18 46548788 46548788 46548788 46548788 100
chr18 67158200 67158200 67158200 67158200 100
chr18 71553250 71553250 71553250 71553250 100
chr18 82786738 82786738 82786738 82786738 100
chr18 84457163 84457163 84457163 84457163 100
chr18 89234250 89234250 89234250 89234250 100
chr19 17247913 17247913 17247913 17247913 100
chr19 17249313 17249313 17249313 17249313 100
chr19 32729826 32729826 32729826 32729826 100
chr19 57674976 57674976 57674976 57674976 100
chrX 64869776 64869776 64869776 64869776 100
chrX 100591038 100591038 100591038 100591038 100
chrX 155959850 155959850 155959850 155959850 100
chrX 160419563 160419563 160419563 160419563 100
